# Nodes:
0 50.49327231119363 16.112869324485878
1 3.8195410323107137 39.29386060238824
2 53.03645007072512 9.698269014449334
3 9.325351558791805 2.457708272286996
4 23.806435184852702 47.31677118501896
5 59.606476888249574 25.81081310183769
6 35.37546549224978 24.756384756390325
7 10.392638146773791 39.3928259659584
8 54.24035193931225 22.830356985305134
9 92.24089567784046 49.38711243069981

# Edges:
0 3 43.3735071493824
0 4 41.059356633167404
2 0 6.900351458737195
2 1 57.42998499682581
2 4 47.63974680647951
2 5 17.400555432256297
2 8 13.187157168377238
3 0 43.3735071493824
3 1 37.24534961629349
3 5 55.43968857755807
3 7 36.95053476888048
3 8 49.31938842652239
4 2 47.63974680647951
4 5 41.76301257141904
4 6 25.353766940289624
4 8 39.061589437416906
4 9 68.46577024937255
5 4 41.76301257141904
5 7 51.053628638061795
5 9 40.25974639486079
6 3 34.29051485307335
6 4 25.353766940289624
6 9 61.97055668588335
7 0 46.36827839824848
7 5 51.053628638061795
7 6 28.954569129154823
8 3 49.31938842652239
8 6 18.962951342962217
8 9 46.36057143964357
9 2 55.787031172853375
9 4 68.46577024937255
9 7 82.45618850523667
