# Nodes:
0 44.712924247397176 86.65993721862387
1 54.70619457352291 71.68794606953213
2 95.53113387031932 11.873466172656554
3 91.38679050186434 35.09914960318472
4 5.996096259139605 25.0619833635662
5 9.04863941768711 90.85550003434267
6 36.12251337092932 10.182116004666542
7 88.27847302953846 46.888019182473265
8 25.31832415913231 96.6336850634306
9 78.0365668455337 54.13649551199337

# Edges:
0 2 90.41850850787445
0 3 69.54828977526559
0 4 72.75507328428814
0 5 35.91022082576672
1 3 51.809324879929235
1 5 49.51774901792399
1 6 64.25200649791222
2 0 90.41850850787445
2 3 23.592540193263787
3 1 51.809324879929235
3 2 23.592540193263787
3 4 85.97857506016392
4 0 72.75507328428814
4 1 67.42888161652256
4 5 65.86429120276432
4 6 33.60076577419008
4 7 85.12793528891727
5 2 117.12123428173942
5 4 65.86429120276432
5 7 90.61184197786265
6 0 76.95877010880929
6 2 59.43269180368076
6 3 60.62176911105838
6 4 33.60076577419008
6 5 85.09517930902814
6 8 87.12407415431491
6 9 60.73528921925134
7 3 12.19176293512309
7 6 63.77748392660992
7 8 80.24095973830042
8 0 21.808855051458124
8 1 38.54785106130718
8 2 110.0642237693579
8 4 74.13404734151258
8 5 17.265284932962754
8 7 80.24095973830042
8 9 67.71428380861086
9 3 23.251860375584652
9 5 78.15125989964676
9 7 12.547392214383363
